97 235
21 5192
94 905
2 7813
67 2895
35 5056
95 144
29 4225
22 7751
56 3462
10 9394
42 5396
72 5374
31 2962
12 2516
82 8444
7 3562
87 4764
8 8093
61 6542
23 562
34 8151
94 3049
3 753
55 9719
68 1888
15 1110
24 6285
94 6121
62 1031
26 4415
98 2877
47 3606
87 9529
35 2561
16 8920
87 6771
90 431
78 4074
87 542
57 9287
24 1478
55 1337
49 7108
52 8689
59 1612
15 3098
67 1844
73 9552
46 2669
20 15
66 2244
94 7906
12 1306
25 9832
0 1046
97 3047
98 1150
77 9495
11 3428
90 155
24 4409
54 648
47 9504
77 7586
40 1679
59 7255
95 7961
79 4039
89 243
31 1372
56 1214
33 7470
38 5024
92 5848
20 5271
14 4791
9 9537
67 9987
81 2944
79 5373
3 461
47 1798
70 4565
42 1478
5 4059
20 715
57 6407
59 6221
54 2760
77 5195
24 7500
58 1067
79 7710
36 9764
80 9991
58 3885
51 6713
63 7676
73 96
83 269
88 6423
82 889
55 152
78 9930
70 3212
27 8798
23 7740
53 489
69 152
68 3410
23 4979
46 2178
39 9948
66 7862
77 5984
26 2518
24 3270
17 8519
87 7183
1 20
45 6774
58 1968
21 6422
25 6629
56 3981
33 2033
43 609
75 5813
98 1876
2 3082
96 7264
90 183
83 6461
26 3640
26 7897
52 8597
55 3303
7 7264
62 505
99 8147
31 5145
79 5617
92 5006
76 2189
46 7796
87 9003
70 3718
69 1741
55 696
92 1979
98 5656
87 8642
85 7493
74 2468
15 869
14 2808
56 6165
87 2267
1 2737
84 5423
75 1485
76 5582
90 5677
18 4752
62 5354
45 4547
65 9076
52 4509
28 843
87 5588
38 5168
57 7456
97 8445
51 668
59 1311
94 1052
64 7498
14 109
97 5731
52 5716
44 591
16 7337
64 832
30 7788
82 5331
10 9329
45 6932
88 2092
78 9487
99 1694
59 8667
97 7955
42 5371
64 8583
5 1455
90 878
76 3827
55 4196
42 6035
20 2499
88 5726
68 7399
18 9303
92 1834
49 9954
83 6976
15 3572
17 6350
61 8337
7 1191
64 1187
55 4561
2 5788
90 5782
4 6602
16 9542
77 5785
68 3302
30 2288
52 690
84 6078
36 9516
98 8809
59 7424
31 1527
35 2832
32 4720
50 5171
51 4975
5 2171
33 4420
0 7871
9 3605
31 3452
35 5251
88 6727
60 4813
38 143
11 4601
44 3002
43 7125
7 8818
62 5870
56 6045
96 1580
93 8342
52 2486
24 7500
43 4472
51 8090
10 1996
94 7111
49 4823
18 8615
10 8829
61 3115
39 5580
6 4978
7 8998
79 9819
12 624
0 9029
3 5858
51 2219
15 7753
67 5428
81 601
59 4635
66 2091
15 7295
61 8798
64 4064
19 8602
44 8020
87 8734
61 1088
21 1174
0 2658
63 7988
94 8262
84 8844
1 7463
84 2278
60 7919
76 1200
22 317
14 2502
24 2829
46 3236
32 9666
80 7802
70 4345
54 7519
24 8757
77 2953
89 6825
35 9657
57 6509
31 2806
39 4946
14 105
93 4132
48 7280
13 5278
19 6356
15 8121
97 8995
41 4433
35 8405
25 4944
51 2843
34 6472
22 6684
33 1763
99 6541
61 6884
78 5138
7 4321
32 7078
3 8511
67 2547
95 1582
57 7528
96 5095
46 4208
89 2559
21 8907
92 7610
99 9898
84 4890
58 7061
64 1594
40 6108
78 3621
78 7145
62 5354
62 1803
47 6038
27 2566
71 3726
42 2148
14 4439
93 2251
51 379
18 2592
78 7790
10 6833
35 6010
49 6272
93 3734
79 5217
89 9892
4 7058
5 2843
86 9830
29 9714
53 4830
80 818
72 814
29 519
38 1693
78 9099
54 5565
42 8187
64 9210
68 9998
44 5256
84 944
73 6594
50 732
80 8896
50 2791
35 4753
72 8609
15 7196
39 7045
2 7033
35 42
97 9814
79 8116
15 312
15 6734
94 8023
66 8186
34 373
83 721
93 7880
18 5936
74 6645
18 5516
25 8345
17 8525
49 5380
37 4056
20 9078
40 4763
52 2994
23 2884
18 9859
79 1722
51 1888
32 9615
37 4602
30 5004
40 2962
50 1182
73 3717
68 8336
32 1887
15 9148
63 3820
64 5867
91 9516
20 5967
54 9107
23 8013
6 2599
24 2172
0 4138
48 3918
80 3110
28 8570
88 5841
1 3845
73 5626
21 3302
0 6645
76 7560
32 8488
40 4293
81 6151
83 1486
30 2853
87 9065
53 8526
33 7713
82 3102
22 9131
3 174
34 1033
49 3843
88 5059
70 4918
37 1983
33 9443
12 9808
37 3356
79 8869
65 1472
6 5541
79 5085
92 402
3 6478
32 5479
85 8646
44 3036
29 5172
46 6538
67 8255
66 7901
28 658
57 5624
84 5159
43 1590
94 1207
93 5052
20 5516
52 71
31 9819
25 9095
63 3452
52 467
59 7731
17 5694
22 1632
54 3222
13 5595
30 4191
23 3478
50 7884
21 1389
71 3094
3 5094
23 5405
12 52
77 3615
7 8930
52 1491
30 8569
26 4438
8 9904
96 8604
84 7891
81 4891
73 5711
39 9030
56 4440
60 1018
25 4310
65 1547
95 5349
99 9665
27 271
18 7725
86 6515
1 3519
30 1133
2 1639
17 4780
85 2923
11 2648
93 1254
53 3968
59 4336
82 3425
11 1106
83 8055
3 9159
83 8206
0 9120
93 9089
85 1368
51 9238
91 3874
32 7006
86 6677
84 2244
99 3760
52 7286
5 9362
91 3425
69 8843
9 4676
46 7360
74 4871
93 775
32 5409
38 8455
42 8354
63 2180
23 8310
40 2302
63 114
63 8924
31 8857
18 3561
40 4343
5 5121
92 8461
79 4212
82 9254
74 8603
40 7846
25 7937
68 9214
49 1439
82 245
86 7794
46 6172
13 7794
21 4162
80 928
81 5120
94 9582
49 3912
51 2412
14 6288
30 381
10 4373
85 5019
4 7486
7 6212
54 7486
59 1568
84 7213
98 4454
41 2986
35 9881
56 2848
13 4456
11 4742
52 1567
66 6535
21 7295
81 5507
94 2460
34 1679
61 5698
91 1775
85 61
60 3795
99 7264
92 9786
98 5074
91 4840
74 798
8 6329
75 7089
81 3580
27 8531
25 6953
86 504
36 7208
14 7678
3 4501
92 1531
84 3221
72 3959
43 3877
99 3175
8 1449
55 69
17 2154
60 7207
32 8223
98 3365
83 2086
27 6328
95 1492
52 7184
50 6942
80 3580
91 8142
79 699
26 3637
37 8313
24 752
56 6006
40 6085
52 8650
38 2203
19 8865
44 7748
20 2599
63 7047
21 6689
65 77
68 6059
92 7229
18 6997
68 4644
16 780
78 2485
59 1306
56 6994
44 3967
35 483
39 3596
61 1769
32 8933
67 7553
53 9708
62 6825
75 1591
8 3548
34 1340
33 4529
92 178
25 3744
67 6362
1 4372
98 5428
8 8742
89 449
27 7888
29 8121
89 5940
77 3161
10 6110
61 7744
16 3114
79 5935
74 8289
76 1025
97 2137
0 5158
30 18
3 1997
81 472
64 7642
38 5587
67 1319
30 5986
21 3199
26 6415
95 7461
10 9702
69 4064
33 164
36 4450
9 127
0 4334
55 6814
69 2055
10 3184
3 3122
39 8186
77 9376
37 2859
16 2757
25 5121
46 9825
7 4470
43 4861
0 4782
56 731
14 6532
55 6221
55 511
52 7355
78 2789
41 3487
53 9857
60 84
0 6094
14 5353
60 5188
66 5587
99 8603
95 1786
39 4664
71 8968
7 1901
16 5452
66 6065
61 3083
69 6589
50 8010
58 2199
79 6361
14 8658
77 9221
12 9071
11 6067
79 8309
95 7753
34 4010
6 658
69 9367
85 3629
44 8671
70 7073
72 2493
12 1704
46 328
82 9494
7 6358
29 6401
60 6216
82 3799
73 3149
46 9022
86 7728
84 1280
97 3367
47 6659
88 5561
73 9131
76 4042
87 9057
45 5963
36 4418
87 603
39 7194
37 3103
6 4483
43 4790
58 7297
1 4988
83 9656
29 721
48 5158
55 2436
45 8518
8 9033
34 4101
29 4559
0 7355
79 7199
19 2522
4 1259
71 1184
1 9134
8 2507
26 8492
40 5295
89 6601
32 449
70 9268
96 6853
7 1003
38 4333
81 6538
29 3217
3 6353
74 4416
50 5917
91 8235
16 4578
49 3932
42 5346
70 2003
8 8013
31 7333
25 9476
34 3613
54 2521
97 5536
96 2280
70 7859
5 7850
63 7027
94 9259
24 1880
46 95
20 284
22 3136
0 8306
69 7382
22 3838
27 4922
25 2904
64 3711
45 6451
38 8086
57 2058
52 3947
78 5223
32 7826
69 9563
79 213
5 3718
33 3062
64 9992
53 4533
53 7698
53 3139
12 2428
80 7125
96 265
57 9154
51 6186
55 9507
80 1867
54 5276
12 746
85 8277
10 1258
81 5842
78 3870
71 4813
84 5394
29 2214
12 4340
63 2955
7 1976
70 723
82 9036
63 7108
64 7193
44 744
69 355
75 3653
88 6687
34 2077
14 1346
59 2683
88 8441
33 1980
24 2044
3 7368
41 9115
30 9181
22 6694
53 6460
96 5217
91 8694
91 2825
82 9027
97 5454
36 831
6 2467
38 7607
98 156
31 5805
62 1116
47 5560
62 3962
34 5839
71 971
42 31
20 740
90 3148
50 2484
22 7418
2 9811
63 6864
0 4975
92 3654
5 9114
72 8377
52 3870
9 914
94 991
97 4959
11 6832
98 8874
40 3441
91 3314
76 9158
87 7264
61 2203
2 6810
22 3890
82 5110
93 7444
98 762
47 3009
29 2834
95 5052
98 4349
80 4562
1 6459
75 7797
1 9585
52 2622
92 2628
64 1733
75 1474
78 4855
62 6820
76 1229
48 5875
36 3825
49 6664
14 1940
73 1092
21 1618
32 310
71 8184
0 3797
46 2431
24 3047
80 2551
37 4810
16 3863
52 9054
68 2829
92 4491
90 5034
7 9610
60 1048
9 6959
34 5572
63 4011
66 9947
68 7174
13 2
66 2371
91 6493
99 3460
0 1180
34 6179
70 6502
16 5325
37 4713
17 1243
38 848
82 6975
14 2759
37 2310
62 4885
0 7218
33 4105
49 7785
77 860
99 4693
31 3567
57 2503
58 3559
73 4129
76 6119
28 7613
76 9735
53 7165
58 4923
31 9641
94 9512
13 868
38 3629
91 4745
87 8152
59 8238
46 633
62 4666
86 6165
61 1280
39 5973
71 6171
