97 235
94 905
2 7813
67 2895
29 4225
56 3462
42 5396
31 2962
87 4764
34 8151
3 753
94 6121
62 1031
16 8920
87 6771
90 431
78 4074
57 9287
55 1337
52 8689
67 1844
0 1046
98 1150
77 9495
54 648
77 7586
40 1679
59 7255
95 7961
79 4039
33 7470
38 5024
14 4791
70 4565
57 6407
59 6221
77 5195
58 1067
79 7710
51 6713
63 7676
83 269
88 6423
55 152
27 8798
23 7740
53 489
69 152
68 3410
39 9948
77 5984
24 3270
17 8519
45 6774
58 1968
98 1876
90 183
52 8597
92 5006
76 2189
46 7796
92 1979
98 5656
87 8642
74 2468
14 2808
87 2267
1 2737
84 5423
76 5582
62 5354
45 4547
38 5168
59 1311
64 7498
97 5731
44 591
82 5331
10 9329
59 8667
76 3827
42 6035
18 9303
92 1834
61 8337
55 4561
4 6602
16 9542
30 2288
52 690
36 9516
98 8809
59 7424
31 1527
32 4720
51 4975
5 2171
33 4420
31 3452
35 5251
